graph
200[200] --> 77[77]
197[197] --> 200[200]
371[371] --> 369[369]
311[311] --> 360[360]
369[369] --> 311[311]
360[360] --> 411[411]
411[411] --> 387[387]
138[138] --> 8[8]
77[77] --> 194[194]
188[188] --> 366[366]
194[194] --> 285[285]
202[202] --> 4[4]
300[300] --> 105[105]
181[181] --> 87[87]
10[10] --> 181[181]
105[105] --> 72[72]
227[227] --> 78[78]
321[321] --> 227[227]
37[37] --> 300[300]
78[78] --> 37[37]
131[131] --> 259[259]
259[259] --> 384[384]
285[285] --> 246[246]
394[394] --> 165[165]
295[295] --> 394[394]
86[86] --> 121[121]
121[121] --> 48[48]
137[137] --> 86[86]
151[151] --> 137[137]
74[74] --> 252[252]
252[252] --> 151[151]
392[392] --> 331[331]
246[246] --> 392[392]
234[234] --> 185[185]
179[179] --> 234[234]
315[315] --> 179[179]
185[185] --> 275[275]
27[27] --> 22[22]
32[32] --> 315[315]
32[32] --> 27[27]
32[32] --> 117[117]
117[117] --> 301[301]
275[275] --> 50[50]
344[344] --> 201[201]
18[18] --> 395[395]
319[319] --> 18[18]
201[201] --> 398[398]
407[407] --> 328[328]
291[291] --> 320[320]
50[50] --> 291[291]
50[50] --> 407[407]
62[62] --> 247[247]
304[304] --> 62[62]
335[335] --> 112[112]
247[247] --> 335[335]
89[89] --> 357[357]
357[357] --> 253[253]
228[228] --> 123[123]
76[76] --> 228[228]
216[216] --> 338[338]
338[338] --> 400[400]
7[7] --> 85[85]
307[307] --> 7[7]
14[14] --> 307[307]
85[85] --> 203[203]
124[124] --> 94[94]
262[262] --> 124[124]
262[262] --> 14[14]
203[203] --> 164[164]
126[126] --> 337[337]
211[211] --> 126[126]
354[354] --> 216[216]
236[236] --> 354[354]
235[235] --> 106[106]
94[94] --> 370[370]
94[94] --> 232[232]
94[94] --> 235[235]
370[370] --> 220[220]
370[370] --> 142[142]
17[17] --> 370[370]
232[232] --> 6[6]
204[204] --> 347[347]
372[372] --> 204[204]
26[26] --> 242[242]
164[164] --> 26[26]
64[64] --> 68[68]
129[129] --> 64[64]
206[206] --> 190[190]
190[190] --> 306[306]
99[99] --> 339[339]
29[29] --> 99[99]
84[84] --> 272[272]
263[263] --> 84[84]
98[98] --> 397[397]
404[404] --> 98[98]
348[348] --> 226[226]
269[269] --> 348[348]
340[340] --> 269[269]
226[226] --> 192[192]
229[229] --> 340[340]
192[192] --> 304[304]
365[365] --> 260[260]
260[260] --> 146[146]
412[412] --> 273[273]
273[273] --> 237[237]
11[11] --> 176[176]
11[11] --> 32[32]
313[313] --> 399[399]
313[313] --> 293[293]
101[101] --> 317[317]
20[20] --> 11[11]
20[20] --> 313[313]
20[20] --> 101[101]
20[20] --> 41[41]
217[217] --> 211[211]
297[297] --> 217[217]
358[358] --> 96[96]
96[96] --> 403[403]
41[41] --> 221[221]
270[270] --> 355[355]
245[245] --> 270[270]
24[24] --> 110[110]
24[24] --> 1[1]
169[169] --> 109[109]
143[143] --> 24[24]
143[143] --> 169[169]
143[143] --> 213[213]
213[213] --> 107[107]
147[147] --> 254[254]
191[191] --> 147[147]
191[191] --> 150[150]
283[283] --> 19[19]
375[375] --> 283[283]
150[150] --> 281[281]
413[413] --> 308[308]
359[359] --> 343[343]
54[54] --> 359[359]
54[54] --> 169[169]
222[222] --> 413[413]
172[172] --> 219[219]
396[396] --> 172[172]
90[90] --> 404[404]
115[115] --> 326[326]
346[346] --> 115[115]
267[267] --> 167[167]
261[261] --> 267[267]
183[183] --> 180[180]
107[107] --> 90[90]
107[107] --> 183[183]
163[163] --> 265[265]
42[42] --> 163[163]
127[127] --> 163[163]
312[312] --> 139[139]
139[139] --> 310[310]
327[327] --> 93[93]
61[61] --> 327[327]
81[81] --> 393[393]
13[13] --> 81[81]
254[254] --> 92[92]
92[92] --> 375[375]
399[399] --> 207[207]
207[207] --> 2[2]
1[1] --> 49[49]
49[49] --> 88[88]
326[326] --> 47[47]
47[47] --> 119[119]
141[141] --> 353[353]
330[330] --> 118[118]
381[381] --> 141[141]
142[142] --> 330[330]
195[195] --> 299[299]
118[118] --> 195[195]
135[135] --> 377[377]
377[377] --> 243[243]
0[0] --> 334[334]
302[302] --> 0[0]
342[342] --> 302[302]
75[75] --> 342[342]
334[334] --> 55[55]
55[55] --> 186[186]
21[21] --> 336[336]
166[166] --> 286[286]
385[385] --> 21[21]
286[286] --> 233[233]
266[266] --> 378[378]
378[378] --> 166[166]
258[258] --> 43[43]
43[43] --> 278[278]
333[333] --> 290[290]
155[155] --> 333[333]
59[59] --> 66[66]
73[73] --> 59[59]
170[170] --> 173[173]
178[178] --> 256[256]
178[178] --> 170[170]
256[256] --> 279[279]
363[363] --> 205[205]
205[205] --> 70[70]
34[34] --> 305[305]
305[305] --> 303[303]
287[287] --> 158[158]
189[189] --> 287[287]
67[67] --> 104[104]
144[144] --> 67[67]
255[255] --> 184[184]
316[316] --> 175[175]
257[257] --> 388[388]
276[276] --> 316[316]
388[388] --> 386[386]
224[224] --> 388[388]
224[224] --> 255[255]
5[5] --> 280[280]
280[280] --> 51[51]
280[280] --> 264[264]
314[314] --> 271[271]
69[69] --> 314[314]
383[383] --> 160[160]
160[160] --> 69[69]
248[248] --> 30[30]
382[382] --> 9[9]
102[102] --> 296[296]
296[296] --> 60[60]
241[241] --> 39[39]
214[214] --> 218[218]
379[379] --> 130[130]
288[288] --> 214[214]
288[288] --> 91[91]
91[91] --> 282[282]
154[154] --> 289[289]
187[187] --> 39[39]
187[187] --> 214[214]
184[184] --> 379[379]
184[184] --> 154[154]
184[184] --> 82[82]
184[184] --> 248[248]
82[82] --> 177[177]
39[39] --> 125[125]
9[9] --> 244[244]
322[322] --> 154[154]
209[209] --> 82[82]
367[367] --> 409[409]
409[409] --> 15[15]
225[225] --> 368[368]
368[368] --> 309[309]
356[356] --> 145[145]
174[174] --> 356[356]
95[95] --> 376[376]
329[329] --> 383[383]
132[132] --> 329[329]
410[410] --> 249[249]
376[376] --> 63[63]
140[140] --> 410[410]
113[113] --> 210[210]
210[210] --> 148[148]
51[51] --> 376[376]
31[31] --> 38[38]
168[168] --> 108[108]
38[38] --> 28[28]
323[323] --> 168[168]
405[405] --> 46[46]
159[159] --> 341[341]
391[391] --> 405[405]
341[341] --> 140[140]
53[53] --> 380[380]
380[380] --> 31[31]
332[332] --> 352[352]
352[352] --> 40[40]
152[152] --> 199[199]
199[199] --> 113[113]
350[350] --> 361[361]
361[361] --> 345[345]
238[238] --> 111[111]
161[161] --> 5[5]
161[161] --> 196[196]
284[284] --> 161[161]
157[157] --> 238[238]
122[122] --> 161[161]
52[52] --> 318[318]
318[318] --> 390[390]
25[25] --> 198[198]
57[57] --> 25[25]
114[114] --> 171[171]
23[23] --> 114[114]
212[212] --> 325[325]
156[156] --> 212[212]
349[349] --> 208[208]
208[208] --> 156[156]
97[97] --> 349[349]
292[292] --> 97[97]
58[58] --> 128[128]
128[128] --> 65[65]
250[250] --> 71[71]
71[71] --> 56[56]
153[153] --> 182[182]
149[149] --> 153[153]
230[230] --> 36[36]
45[45] --> 136[136]
364[364] --> 230[230]
374[374] --> 45[45]
277[277] --> 268[268]
324[324] --> 277[277]
44[44] --> 12[12]
44[44] --> 298[298]
133[133] --> 292[292]
12[12] --> 133[133]
162[162] --> 44[44]
120[120] --> 274[274]
401[401] --> 120[120]
33[33] --> 231[231]
274[274] --> 33[33]
239[239] --> 351[351]
351[351] --> 80[80]
134[134] --> 401[401]
136[136] --> 134[134]
402[402] --> 406[406]
406[406] --> 362[362]
16[16] --> 79[79]
79[79] --> 100[100]
223[223] --> 215[215]
408[408] --> 223[223]
279[279] --> 83[83]
83[83] --> 58[58]
3[3] --> 240[240]
116[116] --> 3[3]
251[251] --> 103[103]
373[373] --> 193[193]
294[294] --> 251[251]
294[294] --> 373[373]
389[389] --> 35[35]

